9819
4597
274
179
74
2237
260
198
111
2578
259
162
97
736
198
91
83
729
170
86
80
674
203
113
89
1220
197
141
139
1201
201
158
149
1036
188
153
155
794
194
142
118
650
184
134
140
660
203
111
132
830
207
152
130
712
208
128
131
718
186
134
149
887
193
150
154
578
179
140
152
625
183
145
144
744
212
132
141
613
181
135
189
619
209
141
173
924
207
131
174
597
213
144
150
506
204
137
168
796
191
120
180
615
174
118
133
551
192
165
124
807
175
148
125
538
190
137
110
560
179
147
138
566
192
146
138
3635
457
504
141
1403
272
265
156
1337
277
165
142
974
243
150
118
627
176
154
135
561
184
159
124
658
160
151
163
664
166
128
159
721
192
125
144
836
181
120
120
573
199
109
134
595
186
118
138
846
193
124
149
654
181
129
145
596
189
125
143
940
197
137
142
581
191
158
147
594
192
138
129
806
171
103
144
693
173
89
114
640
180
125
110
795
160
120
145
593
162
127
122
560
198
137
134
587
184
120
130
600
176
118
103
553
186
133
118
914
178
134
126
562
159
113
117
530
160
114
122
502
164
110
103
395
11139
3974
196
117
75
2589
308
184
128
2544
273
197
105
926
200
146
101
681
168
112
100
574
180
108
101
1105
197
142
117
888
187
130
121
1023
185
145
138
813
200
157
119
664
187
157
132
611
193
158
127
785
170
144
100
639
176
121
147
673
184
117
120
869
188
131
149
663
190
121
131
628
180
120
135
662
189
141
137
627
179
147
140
627
197
140
143
949
182
136
132
598
184
153
142
603
192
124
132
721
190
138
141
653
153
110
136
548
190
135
145
879
190
164
164
555
197
157
140
544
183
163
147
550
159
149
141
2144
292
385
150
980
197
184
130
1113
210
163
109
707
188
131
125
581
175
135
150
624
170
116
111
728
190
132
133
676
178
125
160
674
200
146
154
894
184
135
117
635
197
122
123
600
146
120
145
806
166
124
152
655
176
127
126
571
171
113
138
900
180
123
141
596
189
142
134
643
190
135
151
802
187
126
130
595
147
131
118
584
167
145
133
1170
179
142
138
576
179
142
115
626
141
124
127
607
175
136
114
641
181
123
139
606
176
134
149
1212
201
157
151
600
182
116
145
554
198
130
148
581
149
132
122
246
11569
3118
189
75
61
2245
233
174
106
1711
221
187
143
673
176
137
120
586
166
122
96
654
173
132
126
802
157
117
96
761
173
117
107
991
166
123
105
691
163
146
138
585
164
138
133
624
162
146
127
833
174
149
120
683
196
129
141
644
190
133
141
812
182
126
144
593
185
130
118
632
163
125
127
743
178
135
128
589
162
116
130
561
173
130
155
885
182
127
152
607
181
127
146
569
169
133
129
721
190
123
141
610
144
120
118
571
149
132
125
841
156
155
166
593
175
128
117
536
160
137
130
520
166
121
127
1978
249
339
123
987
235
206
131
1035
229
163
143
671
187
149
138
644
173
136
124
665
164
150
125
768
203
153
120
691
137
150
141
605
175
153
141
872
159
160
120
598
180
122
119
568
154
122
128
733
190
153
149
599
164
132
138
597
166
111
165
877
171
121
140
600
153
110
137
630
191
139
137
860
182
112
183
630
188
125
147
562
184
161
119
793
167
140
139
612
167
126
111
581
150
140
121
620
142
134
113
606
144
129
132
570
145
122
95
944
148
109
127
628
167
139
117
557
173
142
137
554
160
150
145
254
11839
3253
238
100
66
1775
258
167
120
1551
237
183
136
638
181
133
87
558
189
122
115
695
190
107
112
906
197
116
110
860
202
114
123
1001
179
109
126
776
201
126
120
597
170
109
123
630
171
119
100
854
179
129
93
597
180
118
118
629
179
127
114
899
198
126
109
580
190
104
115
617
197
104
126
681
197
122
122
627
181
89
140
652
177
135
133
899
189
126
154
597
214
167
141
551
191
115
143
734
203
108
148
633
178
121
135
574
184
155
132
842
169
134
98
563
155
107
106
535
168
121
122
557
151
107
100
1687
242
376
128
818
254
193
138
1068
234
179
142
715
209
157
126
579
173
129
97
613
174
139
124
706
191
138
106
663
162
122
145
660
157
113
141
864
175
150
141
569
161
132
106
626
173
122
119
716
187
136
127
626
160
143
125
605
179
133
125
980
180
136
145
599
174
123
147
579
193
145
146
812
182
117
155
614
160
127
130
601
156
176
150
844
178
139
136
565
160
135
125
585
178
128
126
585
199
126
117
652
192
118
103
574
158
118
107
935
173
166
134
548
148
126
125
562
178
142
128
505
170
116
115
263
11719
3082
214
112
76
1854
248
153
120
1502
234
152
108
756
195
105
106
597
166
117
89
727
165
138
115
946
180
145
101
907
176
107
134
938
180
98
114
660
169
115
114
590
152
118
114
711
172
151
103
803
160
125
106
599
178
97
110
627
165
104
123
828
194
127
141
601
178
124
134
589
176
103
138
664
169
107
122
597
173
113
151
631
191
134
164
934
190
150
161
594
200
114
150
606
190
144
152
686
159
108
159
640
133
109
129
605
162
129
122
850
166
122
133
569
153
136
137
561
172
114
132
554
140
138
120
1565
281
324
112
833
204
177
151
1000
188
176
121
657
190
146
162
618
219
146
143
657
196
132
154
706
176
131
136
708
168
169
133
640
188
144
131
1287
200
123
104
631
178
106
110
645
155
111
130
819
197
133
153
659
180
129
150
682
189
151
150
1184
181
160
128
629
162
149
157
620
173
125
135
788
189
135
161
606
145
121
133
543
154
146
120
772
179
115
133
582
153
139
140
603
162
140
131
575
145
148
122
626
161
140
127
631
160
142
147
1238
163
152
149
539
157
138
148
562
140
155
141
593
189
142
128
249
11851
3000
211
118
77
1464
224
151
131
1646
252
175
142
848
193
157
125
633
174
123
107
705
168
129
134
869
187
124
118
754
176
139
110
904
202
137
123
668
163
160
140
622
181
136
133
641
176
115
125
876
170
153
131
691
197
110
118
674
182
146
165
820
201
123
135
606
178
136
123
623
168
117
120
683
180
107
125
580
167
118
152
539
169
121
145
929
194
119
131
609
187
125
148
563
167
115
147
787
187
127
145
562
145
113
143
574
167
137
121
841
185
149
148
558
175
135
135
525
180
121
123
533
165
130
110
1599
285
355
115
836
250
177
126
952
203
151
136
627
199
138
122
596
203
152
112
637
179
118
137
763
208
153
118
680
182
132
122
644
150
144
134
927
168
124
111
581
146
120
113
570
164
113
143
743
172
132
134
654
163
129
167
663
178
119
141
917
186
107
165
574
200
127
129
625
189
136
122
805
177
118
140
672
163
121
97
554
176
149
128
778
171
156
127
583
168
123
98
593
135
117
110
553
146
122
108
632
154
145
125
591
171
109
118
898
179
100
131
584
146
114
122
565
161
102
117
533
164
137
143
222
11768
3507
248
140
70
1977
274
171
117
1498
254
215
149
710
199
142
98
547
149
111
122
607
148
128
98
840
167
132
119
828
168
117
131
991
182
141
131
687
172
137
126
617
175
140
136
598
163
130
123
829
176
164
102
695
211
132
118
686
182
127
132
818
171
148
129
587
175
96
124
575
190
120
133
715
185
137
128
587
177
142
138
599
175
150
157
905
193
138
167
588
172
141
136
521
188
124
150
734
187
131
179
609
185
141
126
576
186
144
121
810
171
153
130
573
158
136
95
523
155
139
117
530
160
118
116
2049
280
442
161
946
233
180
131
1129
242
147
126
676
180
141
119
587
158
142
109
642
149
143
157
759
189
155
119
635
142
130
123
692
198
138
167
878
192
153
150
605
180
119
102
620
169
117
118
765
199
126
128
578
168
122
129
615
179
134
181
958
166
139
134
603
170
102
139
603
161
137
134
812
172
130
175
638
158
134
123
571
161
132
148
858
147
128
159
592
180
137
116
613
165
135
110
609
166
110
118
625
171
104
75
600
158
107
96
933
178
136
127
599
174
136
126
547
144
141
125
543
172
118
109
232
11556
3419
243
108
79
2307
316
255
175
1528
256
189
124
761
164
111
110
595
149
94
111
703
152
107
95
884
169
111
100
819
187
93
109
1012
164
108
113
686
164
117
111
588
185
114
122
679
172
134
97
806
161
141
114
605
158
99
144
664
172
102
134
797
177
117
113
570
188
120
127
586
177
117
111
700
198
101
121
609
183
120
134
635
165
125
155
926
199
140
174
667
180
140
146
646
179
151
160
727
182
138
175
611
164
120
125
587
153
150
126
879
160
146
136
552
151
126
126
549
178
118
110
574
159
115
147
1809
327
425
134
897
265
180
169
997
204
169
140
687
201
162
128
537
172
146
148
616
198
147
131
661
212
182
161
758
154
136
130
613
159
128
121
877
